1050202
1068978
1089545
1089549
1096756
1120936
1120948
1120949
1120950
1121272
1121353
1121362
1121372
1121385
1121926
1136417
1150864
1173027
1200352
1205910
1214102
1214242
1223523
1246995
1254432
1267981
1268
1283299
1285583
1312954
1312959
1343740
1404245
1429046
1449976
1463864
1523621
1663
1742993
1760
1927
196162
208439
219305
246197
251221
253839
287986
290340
290397
29320
316330
337191
345341
350054
358823
404589
405948
43759
443255
446462
446465
446466
448385
452863
455632
457425
457427
469371
469383
471853
479431
479432
479433
479435
521096
526225
590998
591158
591159
591167
593907
652017
65497
665577
700508
749927
756067
926564
929712
930171
987045
